01010101010101010101010101010101010101010101010101010101010101010101010101010101010101010101010101010101010101010101010101010101
02020202020202020202020202020202020202020202020202020202020202020202020202020202020202020202020202020202020202020202020202020202
03030303030303030303030303030303030303030303030303030303030303030303030303030303030303030303030303030303030303030303030303030303
04040404040404040404040404040404040404040404040404040404040404040404040404040404040404040404040404040404040404040404040404040404
05050505050505050505050505050505050505050505050505050505050505050505050505050505050505050505050505050505050505050505050505050505
06060606060606060606060606060606060606060606060606060606060606060606060606060606060606060606060606060606060606060606060606060606
07070707070707070707070707070707070707070707070707070707070707070707070707070707070707070707070707070707070707070707070707070707
08080808080808080808080808080808080808080808080808080808080808080808080808080808080808080808080808080808080808080808080808080808
09090909090909090909090909090909090909090909090909090909090909090909090909090909090909090909090909090909090909090909090909090909
10101010101010101010101010101010101010101010101010101010101010101010101010101010101010101010101010101010101010101010101010101010
11111111111111111111111111111111111111111111111111111111111111111111111111111111111111111111111111111111111111111111111111111111
12121212121212121212121212121212121212121212121212121212121212121212121212121212121212121212121212121212121212121212121212121212
13131313131313131313131313131313131313131313131313131313131313131313131313131313131313131313131313131313131313131313131313131313
14141414141414141414141414141414141414141414141414141414141414141414141414141414141414141414141414141414141414141414141414141414
15151515151515151515151515151515151515151515151515151515151515151515151515151515151515151515151515151515151515151515151515151515
16161616161616161616161616161616161616161616161616161616161616161616161616161616161616161616161616161616161616161616161616161616
17171717171717171717171717171717171717171717171717171717171717171717171717171717171717171717171717171717171717171717171717171717
18181818181818181818181818181818181818181818181818181818181818181818181818181818181818181818181818181818181818181818181818181818
19191919191919191919191919191919191919191919191919191919191919191919191919191919191919191919191919191919191919191919191919191919
20202020202020202020202020202020202020202020202020202020202020202020202020202020202020202020202020202020202020202020202020202020
21212121212121212121212121212121212121212121212121212121212121212121212121212121212121212121212121212121212121212121212121212121
22222222222222222222222222222222222222222222222222222222222222222222222222222222222222222222222222222222222222222222222222222222
23232323232323232323232323232323232323232323232323232323232323232323232323232323232323232323232323232323232323232323232323232323
24242424242424242424242424242424242424242424242424242424242424242424242424242424242424242424242424242424242424242424242424242424
25252525252525252525252525252525252525252525252525252525252525252525252525252525252525252525252525252525252525252525252525252525
